::Results::

Count: 3000 records
Mean: 1.8790659927977473e+20
Median: 1.88008049965543e+20
Mode: 1.27620004531949e+20
Standard Deviation: 1.0738205017381e+20
Variance: 1.1534749616069338e+40

Elapsed Time: 0.00300217 seconds