::Results::

Count: 12624 records
Mean: 249.77621989860583
Median: 249.0
Mode: 94.0
Standard Deviation: 145.31784980917962
Variance: 21118.950393821862

Elapsed Time: 0.00800109 seconds